4.95327942130883
0.761885642241963
6.13115092049482
4.64018014067834
4.08600747020869
6.2607191746094
7.22649709612643
8.0706308803131
8.37671112024148
6.91310922873306
7.97042874160134
8.39068519013856
8.90081677499609
5.12907054865519
5.43790751365186
7.50781965687322
6.63781528290545
7.39754728335848
7.66563677928237
8.62240437110676
6.27159375132034
7.91762566697791
3.82759724479325
8.50477809670243
7.80359731084786
5.10682937396051
5.82725852752338
-0.30006040567251
0.790090881321275
8.63231321803543
6.5518333913706
6.77478086036188
7.74887008142567
7.37237851779997
6.61428660500926
5.03733045166839
2.94102502861488
5.89467169469704
6.1201771157722
3.88968663774442
3.65540114601691
5.10220238423173
6.47763944625266
9.72356456467529
7.17044887883215
1.40117511351703
2.55604986984145
4.41442234186772
-0.317957843435546
5.68935877527815
1.84230775688322
9.68930748108717
5.74606557262221
7.60809450656036
6.85974640714168
6.65548475222563
8.25802787262211
5.13173578483076
7.36460366561307
8.83736471524634
6.60563431603768
8.75001582258387
2.87181911933449
6.12119883057677
5.45867225528714
7.74036434453312
5.52674061392947
2.59440166274561
7.72701202841876
5.76984567215776
7.68699297125138
8.91645570983174
6.08859937065141
6.915537374847
7.17278416460427
5.86257850488572
3.93236970983791
6.70848900654085
3.21191481161452
6.07345663954196
6.37264315880859
0.671357952216833
1.87952225665307
1.31397676094668
6.45338563281935
5.45971390020509
9.72547896017495
8.0476724734019
6.82253220785697
5.07411502284813
7.18277975302376
5.59280440324288
8.84172207559662
8.54852333288318
8.82394202250599
6.65254111430942
7.2222762558408
2.8666164044887
9.316816575621
6.51098269900135
7.35529183157829
3.81253355819319
5.48167783988243
5.97775336940685
7.8525004498366
6.83121462599395
8.64478547227176
4.22238788568626
8.53377226145108
7.54845924042388
3.04503576691153
6.39555789839973
4.95774330031455
5.4677797093903
3.54541201991399
4.86390080267338
7.66729839912841
11.7572485675126
8.73979992814598
4.00808185375069
3.26334272656338
5.03498876277168
9.17991414017572
7.29889794616133
5.73857436385356
5.97225476866992
9.2389173828547
7.22093091955854
7.85103010862842
1.28253949564692
7.01115846511849
3.96738401710152
8.47567041807623
6.36257108752047
3.06085428551249
2.43658817924966
5.02199800386845
10.3228834878933
3.18497871258094
0.767375827648116
5.69739770653162
2.35576902541918
6.16182640207528
7.13034715359633
5.42780993195094
-1.09573063463481
6.62304182572354
8.23576950451706
-1.07605431537123
6.48058664770192
10.1751124009753
5.75793189603284
1.39664009820836
1.54948239812534
6.83168957857827
5.76366673839333
7.53222107054984
5.37828161932359
10.4474049098568
7.40815928529117
5.00372750845058
8.75987985870086
5.74130050053325
8.77717122432742
2.8811599583598
4.13333663040149
10.1049954094165
9.16893485091927
4.12018221792265
0.884791150696517
0.748992364577368
8.37527258739533
0.456306446361627
8.15599094641387
5.14138965279407
8.8801184808261
13.3536974507499
-0.182996572115391
5.51541052896313
6.36946827764362
6.06710181067055
-1.23153120325497
5.85198190613506
3.60572637076701
7.82524063580524
2.67604649563217
4.46385690911845
1.08858391990637
7.61085812865081
9.18342353522843
6.32592492764852
4.19959747737441
8.14905237129339
7.37078291414271
7.82456952075123
9.38526943397413
4.38357844344928
6.37180587248782
5.53068126155454
4.407488529457
8.17270842257805
9.11365495251369
4.06236923384991
5.09125982599328
7.57085806370779
1.9528250760977
3.26488209881086
5.35368372134049
4.05727186200647
5.16122514682572
7.8149446202034
5.81114814104876
5.98105893987621
4.38938599079942
9.32886186328735
0.355352730294966
5.87066192154236
1.84395147714554
6.35808712445426
4.38412818698838
1.51122678842566
13.8173623257526
9.49577249348652
7.55686858101484
3.36719413024462
5.40168951804344
0.556397815335039
3.52489356460884
6.52110211904104
8.54118152248218
8.21212060348255
2.33305177527676
0.42627799032865
8.43083563725138
5.79446069840886
7.17504677825241
3.33473283629412
5.39127839905964
9.50678029427302
3.58153743851761
6.77992111646342
5.67444338148669
4.52916655931232
1.8202806488633
7.40919455779807
5.24774966322617
5.40077990345187
7.21324736890243
9.69093207951276
2.98146183181814
3.1312502541843
4.04966696180137
7.57763753970072
0.702765892803367
7.71485498371841
9.35667194781738
5.37615865788065
10.0445571000333
0.804212133789917
9.85249624844297
4.7858394693187
7.28221592420503
9.3212229552691
7.38287446765507
4.0164057505135
9.01343830305981
6.46716486745674
3.78672490528605
9.3763165666086
-0.020397702573547
7.79345282784214
2.47574401426749
6.7836180673077
8.42311422269157
5.64704275971625
7.21122101021043
5.43843673708021
4.22663908208306
5.69861860933525
5.98757331831048
7.64334203178265
1.46927893201885
6.84820639220781
2.41989506845669
3.38592697823358
8.56012030195335
3.71189661343199
6.18497891478057
5.22508092516514
8.12090388090559
8.11401081908411
7.91083898320582
4.82389019772569
8.0067445467479
2.57070114824418
0.819588207307034
8.59668311524345
8.74321196487395
7.61248470511134
7.29852931164207
0.0139398109275912
-0.949753716139929
5.92329819510868
6.82882662525991
9.22496097321925
8.04568465730852
6.85449511872679
2.30853040612997
7.94469946752125
7.3601116945633
5.77829699477062
6.92894433646112
2.27398360607465
11.1784407715474
7.39519547065576
4.93903884793185
4.07159212727561
3.49111703846329
7.16754158860565
7.17944409223693
4.03931601877571
2.79325724407361
8.90207929338665
6.10569245260016
1.84458701834984
6.48896648233234
3.42287443502167
4.11324650683334
7.76629211356733
7.85954352761556
7.2471492796831
-0.641060024947694
8.61859935899561
6.96684360764494
10.1891402231676
1.05111575534904
6.90201930283578
6.79105629455782
2.04970014548804
8.0428899122645
2.46725341300275
7.82604507930808
6.6760234797447
5.11140307994728
6.52170695926623
7.09316310963065
7.24647909034567
5.69410292902829
2.00845620965556
6.73760566056358
6.620519596876
5.78067236944955
8.85264442825946
5.85973273043395
8.20530535833466
6.34859077527189
5.83582765388913
7.26269772616445
2.10895577588146
10.0281954318795
4.15664272488744
7.62229609859574
3.73632968803318
6.64906940001545
7.63884181578584
9.1732671852821
9.06476496697434
4.27813461571244
2.02648217983298
2.700557283378
3.90547251150708
2.30445342077402
5.88795269958598
3.99381644978839
4.85265926125154
7.72451074512268
2.08897758664537
7.83125884259957
8.82317848927863
-1.55785483645083
7.50557010921453
4.25745251447449
6.7636032193785
4.4241069008058
6.6759578223298
0.0482779609122143
9.74423178363767
5.50672414111635
4.69922225125562
6.85623248349262
9.06476496697434
4.21902482520576
6.04381199854595
8.14859528923427
5.79062978888524
4.69865713030718
8.25076384962573
6.8420255739227
2.58425160239855
10.9893709917074
3.54808780203459
6.96102727147374
4.08041622246237
6.22359174487553
7.79320098415531
6.35323190861708
3.24116447211746
2.12743885927066
1.67290453831967
5.99246640097511
10.2813669248609
7.67137845251156
8.12276142819399
5.92819682669871
7.00314618907728
15.5077507543246
4.23913183619673
2.5020218802274
4.18860935759545
7.15568732244964
10.1049942488353
7.14464037702134
5.80642065065796
7.06040324064868
5.12925117899327
7.72335573258252
6.97531809258905
1.88134667919699
8.36608500919618
3.40281815422268
5.92054714597455
7.40491740020023
6.98516173074376
5.11009133197342
1.1501384374806
7.31323148305693
3.954822057212
0.658753282715608
5.7491844176986
7.28351821780765
4.16034159568684
6.37900178975967
8.08389049499448
7.63012306494099
8.17234981882527
4.80362358617923
5.59433509583826
8.53792034775406
3.12200468354423
7.8925837214104
6.53394217383653
9.06476496697434
4.79246946606284
0.646100970980432
6.30125635559361
4.26029882173768
6.63325753200796
5.52328624150973
2.59157849106306
8.45493392620004
5.75765096532211
2.17583683731418
8.23285918063329
1.60339383386594
4.09779664938421
5.83567821882084
7.23929840429294
8.87260695806209
3.77005727973145
4.03394275806051
6.55275465499253
6.72306420534807
2.11110078050777
6.48616112110629
4.48839570453882
2.82800391292164
7.32347405166688
6.82070974934687
8.47657421936413
6.9121402930362
10.7377188666031
8.51348068146046
5.47658912807647
3.19290639710265
8.56932017490341
3.34916282668677
10.8712755867841
9.06151175334095
4.88258712021808
6.48832946310656
8.43043579548011
3.99835398656187
4.08704499963474
6.94380844764888
7.06757253084806
5.09550987280846
8.96166238362683
3.49575984881315
8.63178401359373
9.74210169628212
4.75647056480155
5.7329379510872
0.943714031396979
7.11264540386317
9.25937537429101
8.86421060060619
0.670116781320676
6.58377812944857
8.38411794993995
6.83360730091306
9.37972328504233
1.35068473623702
7.80561404020185
6.32553513635018
4.2125447036719
0.0708441853304379
8.38163845097934
6.15078262890537
4.08385070266177
3.30870100598579
3.25312793614515
5.19034882002372
9.6352517887861
2.89619096905388
10.0506742951578
3.15992646587787
0.943821507273565
5.62841140175481
7.38863753236313
7.48910596563076
1.84850209735408
5.61600830181787
3.64325265530039
2.28598028121573
7.3280550161552
4.8930283228615
9.54944141409131
9.06476496697434
4.46816797238441
5.59027258503338
7.3301184971995
8.16878358044573
3.11523608570954
4.55718412011304
6.02310815729954
3.21180252485588
8.69634820754403
5.8056571659967
5.04901480015186
5.05491645447209
7.35125314621925
8.17535567118548
8.91177052439843
7.41516759191797
2.54787767223452
6.44954773783656
5.81024697991278
8.84066010782553
9.66350261134202
2.45210419108304
6.71554152441916
4.05970534580531
5.44024422628965
6.03015360205943
7.13386720013198
-1.34452320552117
8.49823912497124
7.21779756858828
7.08972458243233
3.74342185219084
6.50874316381281
7.00742303971652
4.32809483367803
2.09212882799502
4.77711046460563
4.89100478332605
7.1648670815601
7.05164586829561
9.2598099815593
2.54068712422976
6.51282218096038
7.71865182433122
7.5936991762284
6.6537071129407
9.80696353899734
6.62934354865842
3.5906215776135
6.50064530075708
3.59654457324709
7.00881135777967
8.66995453881101
7.46150352884697
7.57111742066375
3.14415179154015
8.55734276935346
3.91041899817445
6.92833359672271
12.0140772271651
1.87232946866367
7.03630518591273
9.33094144340393
4.76529238061062
3.23058636871351
4.15232310134639
5.7288553329222
2.34568755238142
8.19022233578351
2.23777103230308
7.61560229515625
2.74722366594647
9.52911314894849
12.924894595015
9.06476496697434
8.59822503398926
3.14316351802798
7.30816615688485
10.7741869124738
8.87251601016008
5.03760628301336
10.7736378206995
-0.76962414790697
8.4025772455913
4.44479208082072
6.47765452287276
3.40109490784586
10.4301380461612
6.01559079192116
7.23247244725212
7.23248087133639
8.21186629821811
5.54425601032601
7.33652578098113
6.21856171914022
10.0486506326709
4.72812246523288
5.98233134520648
4.10425337090871
5.36283766756992
8.48099634892048
3.76490752799152
8.36236788473284
7.68331456770248
6.83803013385721
6.84464932739502
3.49333553615943
7.145622745289
8.22838752086559
8.97191000189537
5.67867457908081
9.41048092114429
7.43476525928104
5.96361117116401
1.69556917368556
5.63475490297145
2.6807552388169
11.7956190082408
0.193574658955636
7.68246400425632
7.66211335497692
4.95130190850017
4.32481504726642
8.9953349652242
8.93609387457185
1.2053119701734
6.60541993709404
9.5519660261322
7.24453577451914
8.18188932637053
4.81608450416292
5.2679149218452
7.83714244358243
4.83720385003284
8.75999294119045
9.88739557643513
7.56260751814931
4.55658193187921
2.91602997654154
8.39055421490512
6.88243812966865
0.702448436351153
3.4908384325018
8.1229330874168
2.04397442294502
2.78191164271499
10.4119990317505
8.73780949211608
7.32704532973272
8.08725906605634
3.18500937253103
3.31388729585473
2.7203290912154
6.34650803621838
5.88557160068391
7.90114323006613
7.04010448586352
3.60179297170499
3.63383998116096
6.21636067521865
6.27598876905154
1.16896998259163
6.57020585557095
5.44489012236565
9.32509039074737
2.3668424809701
7.83230193638336
6.38587761963517
3.08787354320943
7.3055580001575
7.70014525725846
4.53576639435152
7.47394177543987
8.7174244143788
1.30475841580911
-1.67559471531098
4.6891881646237
8.80972322110241
6.97280025901351
9.62375899049607
4.56189934498731
3.8810372265686
3.00674371747027
6.51284522509365
8.37737389362248
6.77102506361283
7.85052034541499
6.71858034843453
9.04060484265862
5.90155418538895
5.54025433496035
2.40389241950336
6.67685592342129
4.49102861078178
9.05264551453658
6.08645114475713
4.03494753704893
7.36036008811152
9.27345541519981
4.02306516611006
9.05159302142472
0.847687770676132
6.38618321521459
7.5405222511786
6.6392876491702
7.47605352785143
2.65230881632213
5.49530367534809
6.05892659557329
3.97270261336176
7.61942957794027
3.998811414423
7.36700228624186
5.63239249766619
2.65774377605525
5.4332247500301
8.03622688698646
0.620489257522774
2.03303929439157
2.85208779760826
5.18367010530813
4.35280009158094
-0.61028800082624
7.57408576931731
9.38213483531839
4.29567222487337
1.91458125682113
8.51409324445681
3.65288689526919
3.06861415470302
7.71984468426587
3.2287545559537
5.76883538653339
6.92727645822543
8.94554863980664
0.69454269402653
5.05408190152162
4.73906268607047
8.43176347983951
8.80777350658918
7.55779239704085
8.57135149738559
-0.0366791107342756
6.13154272893171
7.34348157445267
9.13858542550663
5.66391443096018
2.0848292439343
6.50006276730739
2.20559613600431
0.943500199375682
6.86399122649875
5.18577402570204
5.96774273938087
1.72132569387815
4.53374269332677
7.50477511683421
4.57834597205076
8.56033667331713
4.98622090207878
1.62453385576268
7.89433148138726
7.63412979412874
7.08338440491436
0.391804548450957
9.44138381540313
9.76722244326193
6.59968536217599
8.41396703918778
5.32305938105164
6.6260033414168
7.24648545679877
5.59260010542972
6.75884467764314
8.22180996809463
5.74266734404267
6.17541756640829
4.78779417254167
1.87941396830184
2.7606012233677
2.6882751581061
8.15920662623456
6.51134390484067
-0.257574422752283
3.25921956918811
3.33657618321385
5.05436811929304
9.27296161158206
10.5926370786013
4.54231048004547
1.77272174929251
2.17352057465858
6.11135573315269
3.89304224209402
7.16774045670645
4.89842958991192
1.61247071742893
5.97016683036996
7.59920850345303
5.10133768101336
3.25764166847034
5.41301343708765
2.37370243903857
10.1921235716951
3.47420429205863
7.24649736304514
9.47535252479871
7.38341810960952
4.00932382524459
8.63307725229492
7.9665969704978
8.61984943288371
8.59524870969206
7.90442281816251
7.2681221396002
6.19721844160252
10.2403646675564
3.06434924936912
2.21490897002801
3.6848598643996
8.7037719168389
2.5472323627821
7.77541714660125
6.18006934644171
5.21009431721903
8.26859321324124
9.39967519037748
5.59128143403536
7.40723865659562
2.40005377580586
7.38843707053141
5.25959892923168
5.14662210570536
7.58252486752054
2.94745343887709
4.31974483254761
3.74047493112184
7.35972679801521
8.79392571969869
2.00774982152712
7.16773974459235
8.66422528425449
7.73268747982695
6.52611352685253
7.08092990244067
0.809359492773686
4.23660305900879
3.83887936868921
3.11296617984075
9.67734276786362
0.611677896094191
6.0614124430515
9.15919307148967
4.77937469715843
5.08433796363888
6.31236225715998
8.1015476913843
5.43662568051447
2.91018620778859
9.72510672368711
8.54655216253248
4.76882627152774
9.2643097156143
6.01683453282856
4.78368304913192
6.65772998834823
7.96938232099784
9.059213279871
8.56884881061694
4.20006047082836
-0.626306380431364
6.38502917087636
6.10500732440247
7.56659542930623
7.17926229805743
5.3809386132299
6.5792581134824
3.49279247498229
5.68213680775684
7.27903279034269
7.76813575106849
7.74367639942568
-0.595648825097678
5.22295221973314
8.23652944724502
4.73117278636867
4.16418425384461
8.18169279626047
7.66126069566356
3.91152315864273
1.90208491573371
4.66192919530402
6.5113024546731
6.26647450738981
6.0807828203708
3.74680366555122
6.839883250211
2.7485410423953
5.1458346147582
4.99527579389541
9.65347328659217
4.27778488518728
1.52864096461549
6.4907360536688
3.4158287486602
2.25075190598101
2.12697396859042
4.23494550919577
6.80777428024325
5.59323437461009
5.44149649084236
8.6844688387261
8.21987700367
-0.894882553139719
7.47204020084406
9.32382231412187
8.56568915984171
9.95623463963343
7.0399837151524
7.65507661648078
7.53353221334345
4.64811527002953
7.84877076979978
6.82686702421889
5.13307763274807
8.2990536387755
7.85039964004342
3.93583948083058
3.93933194209792
6.87542953394188
3.17174076823468
7.04400171066523
5.98424568673555
5.6980761451127
5.72809251395552
4.8059331944872
0.078358695571048
9.06476496697434
7.14383592343011
5.87123377105688
1.26693721712199
5.31358187495709
6.7608736000086
6.5586137786227
6.84343611788862
8.82095985202341
7.71236711068759
5.43893833481918
2.41607457723193
5.14776760220679
3.10688469346864
6.84842790586132
6.39067089129326
10.9835041505014
4.79524826102421
5.93594669852859
5.85276090648425
5.2475938845721
-0.147930384544148
8.70592066744456
4.28134014542385
4.32202504241035
